30
-65 -89 -72 -98 51 45 0 -28 70 -46 -19 81 -17 -29 35 -27 -40 -28 85 -54 8 -78 -47 -54 -73 -41 16 14 -57 -68 
-91 -59 43 28 8 1 60 21 -96 -45 -9 65 43 -76 78 76 -51 -15 -94 33 28 52 -92 53 15 -23 10 -39 58 37 
9 14 77 52 -25 -95 -35 -23 -24 -61 -62 95 71 6 -6 -50 -40 -81 75 -92 -72 -42 93 -57 44 -35 -34 -20 -5 -15 
-4 -74 71 -27 -25 -47 -99 88 -57 -37 66 -9 -11 49 48 24 -59 61 73 79 39 -65 39 36 -42 79 97 -90 82 53 
98 -97 77 68 -21 31 15 -33 49 -57 46 33 16 2 1 92 -27 -6 -8 38 6 20 22 -65 -12 47 75 -50 86 48 
-78 -44 -75 -88 -22 63 -24 23 35 61 11 74 -4 -19 -91 95 -78 6 -21 36 91 82 4 40 -85 71 34 -78 89 89 
67 62 76 59 18 -55 83 25 -41 84 86 -84 74 -77 38 -21 -61 53 -16 100 29 -6 -59 -92 26 79 -18 -71 -13 11 
77 -11 48 43 30 30 -33 55 -57 3 67 -30 18 16 -63 -18 -33 74 -74 55 -25 68 -54 9 20 -15 96 -99 59 -89 
37 -3 -1 -62 80 -60 2 -74 -74 -47 -79 25 -42 -46 -62 -64 -54 9 57 91 -68 -23 74 38 -16 75 21 -58 -49 46 
8 20 99 86 -58 -38 15 -67 -68 -91 88 -53 48 65 -22 -41 7 32 58 -77 -74 -10 16 64 14 -14 5 -80 65 87 
87 -25 96 -29 50 -23 92 -7 1 96 94 4 -6 14 70 79 58 -47 62 -74 -27 -26 -30 16 -50 84 -56 -48 -15 92 
62 -36 -54 42 -70 8 69 95 9 26 -72 16 97 90 91 2 -85 47 58 -1 80 66 98 -35 6 -39 -51 -60 29 -97 
-51 46 -48 36 -28 -35 22 -43 61 -41 28 91 -20 63 32 -61 -29 62 41 -42 -12 40 -58 83 -34 79 2 -31 98 53 
7 -97 -27 92 75 45 -28 -1 -77 84 -53 -26 -53 -35 -62 -34 73 -41 28 70 -100 -71 -29 52 25 -27 52 -28 7 67 
70 -22 -56 -52 -37 10 51 -57 -61 98 36 -6 1 92 -91 62 -52 57 -18 75 80 20 60 -67 -36 -87 49 24 -9 -34 
58 51 -36 -17 -41 -45 54 66 -38 1 -53 -100 22 -10 56 -64 41 94 -17 -34 18 32 -45 34 63 80 -72 54 -65 -70 
-80 -76 -62 -18 40 42 65 25 -57 6 -37 -87 8 49 -21 27 22 24 -90 39 93 -63 93 43 73 11 52 -98 34 -66 
-73 -37 -48 13 12 -16 25 -27 42 45 22 82 48 -18 -84 -4 16 81 -75 43 -42 94 -63 -19 -22 -7 -21 1 -36 -84 
-46 -80 80 49 27 -27 -12 16 -74 2 16 -17 64 -44 -81 -57 -52 76 -91 -90 -26 47 -65 -43 -63 -57 -14 -71 87 38 
-77 59 81 -24 -25 9 57 -21 20 -90 -6 11 -98 -65 38 63 70 11 -83 90 22 23 54 -47 55 58 -67 5 56 -15 
-33 -94 0 22 80 36 -64 -11 -27 6 4 11 -66 -58 -25 -32 59 -46 -48 74 -55 -75 89 46 -45 -36 68 81 -95 47 
96 -15 -78 -82 77 -98 21 17 -52 36 -22 35 6 70 100 12 -93 3 7 -94 -94 -57 77 78 -93 -98 -90 -46 -62 63 
-38 -37 -87 -65 67 56 -46 32 52 65 -61 -2 -51 97 11 86 86 68 29 -90 -13 56 -71 92 41 55 87 -40 84 13 
9 56 -90 51 -74 -7 82 -57 -30 -29 72 41 -48 56 58 -53 -98 85 -66 -18 -100 -84 -18 40 10 53 -40 -74 46 1 
-34 -86 37 50 -82 29 -18 69 100 95 -4 -22 -97 79 32 30 -36 16 38 1 -78 21 -39 -78 -46 6 -27 54 34 -11 
52 82 -100 95 76 -24 59 23 67 -18 -89 60 -36 -38 15 -93 -20 46 -91 -85 -77 -64 87 23 72 -60 -5 89 -88 49 
3 5 44 -50 -66 50 -55 53 -95 -84 -27 73 25 22 53 -93 -45 8 -40 -68 67 38 -1 -15 -22 91 -10 75 15 -22 
-75 54 61 -19 31 -29 -7 -82 60 75 -1 55 -63 -86 -98 92 -20 -24 -60 35 -30 86 13 -14 42 -3 -62 30 -33 -82 
-99 -39 -57 -7 -95 16 -10 57 64 56 -62 -35 98 80 6 -77 -25 -77 -32 -12 -76 51 81 61 -29 30 100 30 -24 84 
5 46 67 8 -67 -79 98 -8 -91 -53 -44 -46 6 86 27 19 -17 -43 -99 -79 48 37 -43 47 -13 -91 54 1 -33 34 
