20
31 -29 79 -25 -69 -77 -82 -76 44 -14 57 -53 -53 68 -65 62 -97 -2 40 -52 
63 96 66 -4 7 30 13 -18 49 20 -72 32 70 1 51 42 -1 -10 45 17 
-51 47 -86 -81 63 -78 31 63 19 -92 -3 -49 -33 -51 -30 33 -19 -6 -45 50 
-38 -16 -96 26 -81 -83 5 -81 9 3 -81 94 -72 53 -44 -36 54 -94 -92 5 
97 -12 -33 32 97 54 63 50 95 7 -99 -33 -7 -76 -31 -86 -31 59 -66 27 
87 92 -84 99 41 -93 18 -10 61 -67 70 -53 -36 29 -43 -67 96 -47 -72 3 
-81 71 29 -47 38 2 -91 -20 39 50 -40 -53 16 16 -59 71 95 7 -71 7 
-4 99 -30 5 87 56 15 -9 -7 -64 -8 -83 -100 -86 6 69 20 -52 93 -61 
-77 -82 -40 -76 -8 -30 94 44 -25 -68 -9 2 -50 -100 -70 -36 -37 13 97 67 
-48 32 70 -71 3 -91 20 87 -49 -61 -54 10 91 93 -9 50 -99 -26 -31 43 
93 96 79 42 41 56 86 -98 95 99 10 -71 7 15 96 -64 83 11 76 -71 
73 8 -44 4 59 3 -54 99 27 0 -72 11 -54 -18 -72 -52 21 50 93 19 
-85 77 -93 -83 18 61 -16 28 -30 -42 -14 -44 -50 -53 5 93 -100 42 -60 -2 
-15 15 -17 59 25 53 -48 56 -91 -63 -44 43 -48 -16 -30 -73 48 -38 -90 -63 
3 31 -100 65 -6 65 33 77 -66 -97 92 -29 24 77 -100 -21 72 -80 -17 32 
-37 69 -57 -99 -88 -42 -87 49 80 -34 -52 -76 -2 -62 -45 -82 -38 -12 -49 15 
30 65 -8 -3 -21 -36 -60 85 -42 -84 -18 -72 -37 72 51 84 28 23 27 10 
81 52 -57 -38 36 -71 95 -6 -99 47 -61 -7 93 -86 -89 -100 -99 42 33 -98 
75 -25 -4 8 -82 -72 -71 -85 79 -19 -15 -82 -80 -88 -28 99 15 -51 84 32 
-79 42 -35 19 30 -67 35 68 91 -34 4 27 -61 -22 -31 7 39 9 -77 29 
