20
68 -86 30 79 -41 95 -51 37 -21 38 25 78 47 -35 35 -52 63 65 -51 -90 
23 68 93 -87 65 6 22 5 -23 -68 58 -6 63 70 -21 -54 15 37 23 -59 
2 -88 -27 8 13 9 19 -89 46 -66 -67 81 -35 39 89 0 -95 -29 -66 99 
-86 -67 69 -65 12 -47 58 35 -37 -85 -62 -15 83 65 -55 -37 -43 6 1 -59 
-89 39 -56 90 51 76 65 -67 98 -40 -45 -23 81 -57 97 -4 29 76 -90 -34 
-83 89 -24 79 3 79 16 11 -29 -23 61 -62 22 17 23 58 44 34 22 8 
56 55 16 -5 -66 6 86 -4 69 60 -3 75 -84 52 67 12 63 -56 5 -86 
94 61 27 -79 -15 -12 -31 -14 45 -36 -70 8 -83 99 -98 36 -15 96 68 -81 
-54 -56 91 -28 96 -100 -17 -1 -99 72 64 -1 90 60 36 -24 14 74 60 69 
-81 43 78 19 55 81 67 -58 -27 -53 97 -51 54 -35 -86 15 -83 -95 -61 39 
-20 -93 -63 81 71 -21 -50 -18 34 26 -48 17 42 12 25 -68 30 70 77 -68 
-18 62 -58 21 -44 55 -30 -82 22 -24 12 15 -100 17 76 97 94 24 87 79 
-70 -10 -34 53 55 -21 65 82 35 -28 -31 0 -98 46 59 95 53 -76 -51 65 
-88 4 58 -50 -43 -44 66 47 14 1 -26 39 -28 -43 40 29 11 -4 -68 91 
13 -49 66 33 85 12 -77 -37 -19 93 95 36 28 -66 21 55 39 -82 -5 59 
-75 -90 99 80 -97 89 -71 26 -98 10 -25 -2 -91 4 -75 -19 45 83 -4 22 
95 80 53 0 -54 -23 1 42 -52 74 -9 -23 53 -87 -62 71 45 -69 -89 94 
-25 -74 71 51 -1 -17 -92 -27 7 27 -41 15 81 82 -66 -33 81 94 22 -84 
-16 -80 98 -59 -98 -20 68 17 19 -24 19 -70 -41 27 -10 40 43 -15 52 32 
-99 18 -26 -34 40 -20 -87 -85 22 -100 -93 23 23 22 81 8 -75 -75 100 -7 
