30
-61 -78 -11 13 12 10 13 52 -28 -76 -76 61 32 -49 39 41 1 10 25 89 79 -34 16 25 51 -95 -46 59 3 -47 
-100 73 -95 -76 -40 -45 94 40 95 -19 58 -65 -37 -31 75 -12 -44 4 24 -45 -59 92 69 -58 -10 57 -40 -4 44 -41 
55 34 8 -85 -23 92 52 -11 34 -9 -22 -14 88 -21 -28 92 16 -48 48 6 -16 -87 -19 -52 86 -13 -45 -87 -65 47 
-69 85 60 -15 -79 64 -38 -1 63 24 -80 92 50 7 -68 64 32 -87 51 -58 17 15 -87 -9 23 -3 20 -59 -16 98 
84 51 -4 -94 -52 14 -77 -21 20 -8 99 -87 -11 12 97 -81 88 9 52 -78 -55 69 50 90 81 96 6 -24 -69 2 
-51 -74 -56 97 76 -49 -34 49 -17 -93 -27 30 -91 -51 -3 -100 -43 15 -10 -32 -68 -23 -95 5 -87 99 -22 84 65 40 
-71 -67 -54 88 -13 -2 66 -96 -19 87 -53 -75 -78 -1 -34 84 -95 65 -17 30 3 86 7 91 64 92 -7 -85 -20 -81 
-30 -6 62 55 17 -34 -73 20 -30 69 -42 -94 62 26 -23 91 -83 79 -44 -85 -6 75 -25 23 95 43 37 -44 -5 6 
-15 -46 -80 41 -34 -49 66 11 61 82 27 80 53 37 -64 45 -82 82 36 -66 -53 -84 -31 -86 -11 -11 -62 78 -33 40 
5 32 -35 -94 -24 83 63 47 82 -40 -57 45 -38 -4 -34 -78 -2 -81 -99 28 -15 -67 4 100 -85 80 30 -83 -96 -46 
-74 16 13 81 -31 58 30 -98 66 99 -13 -48 2 27 -1 98 27 -85 69 5 1 28 -22 16 31 -11 -52 -42 93 -23 
48 2 91 -88 70 13 88 -44 -73 16 20 95 -63 -51 69 97 25 -69 -23 61 -42 -49 61 -27 98 46 -80 9 -100 -41 
-29 -94 -12 59 -30 67 26 59 -87 -96 -14 -32 8 12 -91 -95 -39 27 -54 1 79 -67 -54 -82 88 19 -89 -74 84 -30 
78 -78 39 87 -33 51 29 60 -39 82 79 50 99 25 -10 90 -69 57 -63 -17 92 87 -89 -19 7 11 74 24 85 10 
-32 -54 -9 85 69 20 -37 73 -70 -37 -68 83 -7 -87 82 -67 52 -36 -61 -4 -6 94 39 60 -25 -25 -6 -94 -9 -72 
60 -46 -19 -69 8 33 98 2 7 -91 47 -76 -70 -56 86 37 17 80 -66 85 -89 -24 100 -53 49 -21 -27 -67 91 -33 
-51 -80 56 45 -42 47 73 -54 -8 -81 -10 -53 86 -62 80 39 -78 47 97 -54 14 -41 54 -47 -60 -51 41 -91 61 -45 
55 73 -74 59 -38 56 1 -70 -76 -61 15 32 -91 -49 80 12 -45 -97 47 -67 22 31 -19 -63 15 1 -35 60 -83 52 
68 90 78 32 -78 67 20 -69 99 10 -81 89 -24 -72 12 79 -16 -63 -67 87 -100 -91 4 -62 -40 98 74 -56 75 14 
-23 -20 -29 31 -35 67 25 -20 -10 -11 9 -24 69 -89 -57 -5 51 -38 72 -43 -100 -57 -55 76 -8 83 5 -71 -90 -19 
-73 -56 -62 -50 71 10 84 26 -18 64 34 10 44 64 39 -41 -96 -95 12 86 -4 -4 42 -61 66 44 14 53 -3 -3 
-96 31 -35 -85 -59 -82 61 -46 59 -88 88 47 -87 87 14 81 52 94 -1 -32 38 -28 4 -19 -11 90 -55 73 5 -75 
38 -49 -6 31 -43 -82 -8 -85 -55 12 -81 30 -74 62 -26 -52 87 52 -19 -37 53 -1 -100 47 63 34 -74 -96 87 -34 
53 36 -46 52 75 -78 80 87 77 -88 0 -81 -90 -82 73 -24 -33 -38 -91 26 65 -36 -20 63 -91 4 -51 -32 -66 77 
-65 8 -34 72 41 -79 -96 -36 -76 -58 39 62 -75 -63 -38 21 -87 -27 86 -39 35 66 30 78 -19 58 97 -62 -9 18 
-80 65 65 -87 -98 74 -51 52 42 -63 36 -68 -67 71 52 -87 92 20 -78 -85 -68 68 95 -42 9 -4 42 -94 -96 -77 
-91 98 1 4 0 77 -57 77 53 -86 7 10 62 54 -32 22 90 -85 -1 -15 53 39 -39 -10 -34 73 -77 -29 45 -42 
10 -98 -16 3 -47 -32 -1 44 -23 97 -99 48 98 -53 -19 81 93 -96 -92 64 9 12 39 91 -92 27 50 27 -1 -9 
-42 60 -39 -30 82 99 96 -81 -4 69 65 -84 -59 9 41 -91 -7 -86 68 -79 12 80 38 85 53 -23 94 65 -11 10 
70 58 -50 80 -41 32 1 -84 -59 -26 45 -76 -17 14 72 68 -33 -89 -24 90 8 -60 -36 82 -58 -59 7 63 -17 -92 
