10
7922 3209 -4398 24976 -4153 3920 23553 6125 -12703 1569 
3883 8249 1540 8561 -12506 -7252 1074 -1422 2882 3901 
3529 -5294 -5975 13967 5487 10545 929 -6731 -2601 3551 
2399 -11462 5268 2149 -10912 5525 2052 -6764 -3179 286 
-116 10741 -10803 -1091 14406 1083 -15228 -15814 3537 -11395 
2070 2982 -2670 14131 5335 -8928 -3283 2687 4656 1172 
19336 9609 9983 8554 -18724 10727 20633 5421 -15427 13855 
-16990 -7218 3962 -20546 3702 -9084 -28166 1358 21112 69 
-491 -15072 505 411 -616 8949 2949 -10876 -5158 -6834 
3698 665 -1286 2310 5519 533 678 8309 6354 -2108 
