20
-9309 -53599 6701 -732 -7932 -10532 -6550 6299 -13336 2207 -3889 8206 -710 -523 -1113 -30767 -16534 19276 -1652 10548 
-10234 -4683 24476 578 4012 12320 5886 -1139 -8989 -7784 15913 5646 -4337 8589 14703 10913 9202 -6582 -7686 18004 
18348 15911 -9993 -9617 3820 -9505 -16425 -2315 8522 6560 -14427 1604 -3758 6712 -1972 -14852 2733 21223 17976 -29299 
11544 31714 -7021 -26657 -12864 -13745 5669 7259 -17219 9045 11791 31 -4439 -22947 -3447 5244 -8904 -25866 -515 21967 
2680 16793 -1489 5366 17080 6044 2575 -6831 5461 65 3804 4332 31522 14874 9978 -8436 3010 19023 -2712 -35821 
20759 2727 7260 -18007 14412 -23535 4237 19911 -7073 10784 -9094 9702 43658 -5891 -833 -29387 3409 14980 -7153 -30707 
-14028 17519 10929 -82 12376 -437 703 1471 -19248 -8727 345 -14328 16551 -8982 -17544 -1218 -15619 529 -22975 26687 
13556 2334 17419 -1362 -11656 13943 7841 7054 -8462 3705 13733 -18370 16887 -3437 -12874 -17473 9462 24216 -568 -23612 
21003 10261 -22926 -12822 -23583 -11490 -3436 -12275 24116 1353 -18049 -5349 -27377 15305 5215 3178 343 -1728 35423 -22138 
-2148 1750 -11556 -16327 -5451 -5825 2912 -3264 24310 -18859 -27784 21209 -51632 16258 18484 9210 -9780 -2170 -463 9188 
-2025 -12782 42534 7023 19737 4237 30962 3641 -10917 17361 39482 3131 45966 -8935 11797 -3750 9887 -19309 -34039 10915 
10986 8931 13361 -15983 -13714 1886 -540 -2390 3421 -11581 -4572 -12861 15576 9209 -14780 -1118 4296 26872 8133 -19286 
-4030 17027 -3132 6883 5865 13223 -22540 -2467 -5773 -490 8169 -12267 -3537 10549 -18207 -14292 6111 29502 21824 -29017 
23332 36640 -25209 -8578 -5053 5609 5261 3816 7248 -9193 -6845 -5715 3229 -6721 -9646 5874 -3010 8700 -8599 -10567 
7218 28003 -15536 -14013 -15251 -11872 13718 28678 9084 -9218 -27496 -5171 -8272 4952 -3832 527 9033 11697 9386 -26144 
26515 16134 -4480 -29597 24079 -27229 -16077 7815 -12171 3144 12626 -7712 9857 12715 -16317 -12816 -19149 4741 20229 -7116 
15272 -14286 27884 -15611 -15126 -4775 -20682 14056 -9531 2935 -12207 5699 -2980 424 -23533 -8464 3716 19542 -1160 -8589 
26308 13535 -14272 1915 -7539 16378 32507 10432 31518 -7545 8775 1155 -13988 13005 685 -6935 12880 -3281 -14458 -44962 
7929 -44220 25025 -5449 -14321 -6168 -21592 11108 -37813 11198 8816 -5586 15668 -9004 -17877 -26930 -13922 3339 8062 3788 
9526 18028 3778 -20433 10571 -20123 -9740 -10263 -3953 3590 -11553 2522 9638 14553 -7953 -8995 -3349 17992 18497 -10613 
