30
32122 -17426 18919 5625 20745 -11317 -17583 6289 -7184 28403 -7649 28058 6463 -1850 -2208 -11012 5428 8308 -17915 20056 -27648 -12581 8462 -18927 -4263 9191 -4391 24550 4519 8630 
-5874 9339 -4929 -10695 37366 9246 6489 -4469 -21525 -17084 20362 -32684 -26218 -8181 12604 -6367 5894 -14942 -213 6188 -3428 11949 15553 20202 23357 5140 -9787 -11810 -26304 -5674 
26018 6961 38201 -15438 -6878 -4956 -12291 -11871 -15508 14155 -19939 34615 9055 4142 -22618 17240 11989 5676 -1998 12447 17219 -12670 -6437 -19659 34906 -15848 -3819 -20367 16342 8580 
20740 39797 22409 11564 4935 54068 -11362 -2876 -3680 -2135 5636 -21253 10700 5579 14176 -1734 20461 -39892 -6327 -5539 -2570 4856 -15205 -5720 25532 -10901 3619 -21325 -4053 2768 
-13710 540 5706 -277 -2133 40197 8913 -17784 -8061 -8970 2092 7234 3145 11180 -5836 18373 19171 -8740 20223 5293 -1657 -14974 -11382 -9644 35950 -16024 -18086 1276 6348 -9251 
5094 19767 -18301 -28715 18298 6720 37518 -9993 9970 -10330 46378 -33555 -49064 34127 18571 -24933 -212 -927 -26281 8728 -24805 -21534 4823 -5826 4709 21278 -16583 36158 -14945 -19123 
-44280 23395 -15585 -11006 -28758 46822 -7156 -8709 9821 -6873 -10204 -20743 565 4242 -16494 -9789 941 -22603 22961 -12720 -14461 13135 6081 7549 33323 9278 -3490 -41973 -28551 -20845 
-31463 28122 -2970 -8464 6138 22368 -11591 6192 10801 -26136 19862 -12753 443 10951 -11941 -1596 5975 -5904 38658 -37029 21139 16223 -20365 -2873 26594 9444 -15436 7618 -8160 17494 
32676 36276 10716 -20305 -19380 -3063 -23773 -14203 973 -24653 8305 -12924 -22439 -2106 12882 -18193 40560 -1934 674 4024 -10649 -11327 1349 16335 2081 6578 -8169 -10464 -33884 -10054 
8260 36141 8935 32346 -14776 26668 6623 -28932 8154 -4225 440 -13290 -6789 1584 528 27752 -11058 -22748 18818 1003 36476 2866 -28803 -12495 7103 -30839 -1828 -9408 30868 15860 
13758 -2633 12358 -4749 -17145 39807 26729 -12736 17869 -8144 -12459 -25776 -9909 -9003 33902 19690 -3790 2337 -23695 31516 -13511 -12492 26802 10178 11356 -17973 -851 -41871 -3478 -35432 
-13238 -35447 -843 25182 13396 -7118 8402 6892 -32168 10560 -24719 44072 -17853 8383 -23973 -6312 -28692 27327 -27362 -1553 23593 14382 -27340 -10500 42293 24016 -2495 -6590 18072 -2273 
-2600 39435 -652 4009 -935 12964 27034 -10641 14879 15398 27874 3346 -28954 6127 27240 12081 -8791 -24690 -8097 -12851 1734 18729 7333 -11149 -5581 -2129 1447 24225 -22374 81 
20468 29176 21727 7215 -5288 21018 -34067 -2871 11632 -28433 -14964 -9235 8695 -22622 -6704 -12620 15039 -25494 10815 -6519 -3440 -19863 -21028 46953 -36593 4449 27642 -19276 -22299 16537 
2027 -27810 -20721 -53 -225 13621 26833 -7633 -11139 9595 -2467 15098 763 8997 -16016 6910 -409 -8806 -6393 33223 15492 -7268 -19040 9659 7228 21462 -9737 16964 22133 -14894 
-30923 -15340 -10030 16869 -10266 -21929 -17089 22849 -10715 -14855 -16828 -1681 -5127 -10480 6467 -6823 -25553 18260 -11426 -16358 20071 33403 20685 -1743 -12072 -4982 19382 -12220 -14782 -4515 
-7638 -16000 -13470 25002 24761 -5676 -19632 2160 -24958 -8185 16538 -32867 -18652 16062 -9550 -52714 -20410 18067 10398 -31747 17705 37487 -18780 20949 13089 20869 14507 -25368 8548 10005 
-5236 -742 -864 -20852 -12487 -1341 14888 -11418 2166 -2963 20188 8016 -12392 9456 -16242 7782 1920 13873 11771 -21635 -3387 -13820 901 -16430 5456 18592 -19816 11085 -27259 5229 
12422 33487 2146 -20740 4589 23896 -8729 -23994 -9661 4860 18864 -23876 -4144 34213 -12392 -6084 -182 -15220 24607 -14813 28379 -2820 -16894 -5455 32083 -21468 -8078 30282 -17316 20712 
-20912 -8429 -16749 -13765 4149 -11758 19063 -35092 -11510 7724 18767 -25300 -15433 -9783 18416 1757 1988 15731 39415 -28658 -33801 19849 28370 2565 14698 -907 5584 -18071 -15848 -11139 
30827 -4354 16937 6940 -7094 -9287 -34781 2974 -2250 -6015 -25326 -2537 29121 -9536 -5982 -3837 47594 -17508 2198 1406 -3597 -24934 -24723 36189 -29478 -242 -11585 -16454 -11266 8920 
69120 -16040 5575 17547 13180 -22627 -4168 6507 -26009 6715 -14021 -1409 -21565 -11142 31220 -4283 6731 22919 -48901 39045 29493 8095 -3405 32549 13050 -28737 -18097 2141 3645 -14885 
11759 19221 -5669 630 13217 5419 7913 17385 11970 -40803 45625 -12713 -32257 -2204 46407 -16685 -20730 11649 -21352 -22363 1367 18369 21655 -1480 -32711 13377 23623 18674 -1903 -1447 
-8373 20847 -5617 33475 13433 2234 -6642 -7271 -11187 18129 1247 1077 -42041 -8936 9164 -7273 -6451 -14851 1905 -15776 13224 51006 -7450 17097 -730 -21837 360 6882 -15542 4360 
14714 -418 13747 5254 -13057 18764 -1523 1076 15083 36114 -19845 36448 23683 2527 -25260 33640 1483 3835 -20239 -9452 -17068 -8687 -17602 2039 -19620 -3724 27069 10730 -9404 13315 
3891 -4593 -14545 19377 -5393 -56339 -35698 3709 -25436 12509 -22728 26026 -9140 -7815 752 9468 -2519 3072 2846 -13617 24719 29512 -9152 33902 -7042 -1294 -13291 12500 -22285 6553 
-14523 -11664 16164 -8359 21558 -10573 -14794 24468 -30281 3844 -2845 10359 1564 13582 10618 -8336 12747 -11421 -22436 808 16980 22633 8288 -14541 12548 -5643 -212 21944 -5025 -6605 
4444 9705 -16461 -67949 -11682 -24166 30191 -15836 31072 -3349 23012 2027 -24826 1764 -5354 4823 21047 17834 14061 -4786 -34312 -24955 29113 -5023 33 20814 -15564 -5048 -28561 3863 
-2019 -7994 835 34663 -11711 -16487 -14368 30423 -1813 -5760 -8241 4953 9034 32980 -42956 -8650 4170 21929 -50430 -15052 33888 -8960 -49106 11150 -35376 12210 -10380 -5565 15268 -12720 
-6756 -13757 -12674 5685 17296 -11057 16096 19074 -9856 5328 7884 -17154 20692 11200 -683 32249 -21386 10793 -10677 28737 47269 25145 -2136 1054 8240 -18149 -8942 3155 19505 -7819 
